  1.460044671482587   1.000000000000000   1.000000000000000   0.079910657034826   0.000000000000000   0.000000000000000
  2.428500871669698   1.000000000000000   1.000000000000000   0.142998256660604   0.000000000000000   0.000000000000000
  3.548074507754917   1.000000000000000   1.000000000000000  -0.096149015509833   0.000000000000000   0.000000000000000
  4.649439576267813   1.000000000000000   1.000000000000000  -0.298879152535626   0.000000000000000   0.000000000000000
  5.560163992303765   1.000000000000000   1.000000000000000  -0.120327984607529   0.000000000000000   0.000000000000000
  6.459507658186706   1.000000000000000   1.000000000000000   0.080984683626587   0.000000000000000   0.000000000000000
  7.369375128073375   1.000000000000000   1.000000000000000   0.261249743853250   0.000000000000000   0.000000000000000
  8.471458703197706   1.000000000000000   1.000000000000000   0.057082593604588   0.000000000000000   0.000000000000000
  9.588811103979690   1.000000000000000   1.000000000000000  -0.177622207959380   0.000000000000000   0.000000000000000
 10.549166454103823   1.000000000000000   1.000000000000000  -0.098332908207644   0.000000000000000   0.000000000000000
  1.467538847673057   2.000000000000000   1.000000000000000   0.064922304653887   0.000000000000000   0.000000000000000
  2.322887434006543   2.000000000000000   1.000000000000000   0.354225131986914   0.000000000000000   0.000000000000000
  3.537311881576560   2.000000000000000   1.000000000000000  -0.074623763153120   0.000000000000000   0.000000000000000
  4.763121422862659   2.000000000000000   1.000000000000000  -0.526242845725317   0.000000000000000   0.000000000000000
  5.551150056594818   2.000000000000000   1.000000000000000  -0.102300113189637   0.000000000000000   0.000000000000000
  6.441822867161917   2.000000000000000   1.000000000000000   0.116354265676167   0.000000000000000   0.000000000000000
  7.234582339880281   2.000000000000000   1.000000000000000   0.530835320239439   0.000000000000000   0.000000000000000
  8.454710769447741   2.000000000000000   1.000000000000000   0.090578461104516   0.000000000000000   0.000000000000000
  9.678313082406442   2.000000000000000   1.000000000000000  -0.356626164812885   0.000000000000000   0.000000000000000
 10.532458645786399   2.000000000000000   1.000000000000000  -0.064917291572798   0.000000000000000   0.000000000000000
  1.613656584005197   3.000000000000000   1.000000000000000  -0.227313168010393   0.000000000000000   0.000000000000000
  2.815679685268093   3.000000000000000   1.000000000000000  -0.631359370536186   0.000000000000000   0.000000000000000
  3.539786594389923   3.000000000000000   1.000000000000000  -0.079573188779846   0.000000000000000   0.000000000000000
  4.263330233077150   3.000000000000000   1.000000000000000   0.473339533845700   0.000000000000000   0.000000000000000
  5.443997719133537   3.000000000000000   1.000000000000000   0.112004561732925   0.000000000000000   0.000000000000000
  6.554585291904322   3.000000000000000   1.000000000000000  -0.109170583808646   0.000000000000000   0.000000000000000
  7.726354504850359   3.000000000000000   1.000000000000000  -0.452709009700717   0.000000000000000   0.000000000000000
  8.447236673239441   3.000000000000000   1.000000000000000   0.105526653521117   0.000000000000000   0.000000000000000
  9.153258809760114   3.000000000000000   1.000000000000000   0.693482380479771   0.000000000000000   0.000000000000000
 10.377878937135451   3.000000000000000   1.000000000000000   0.244242125729099   0.000000000000000   0.000000000000000
  1.598114639709204   4.000000000000000   1.000000000000000  -0.196229279418407   0.000000000000000   0.000000000000000
  2.818583553784108   4.000000000000000   1.000000000000000  -0.637167107568216   0.000000000000000   0.000000000000000
  3.542056129940715   4.000000000000000   1.000000000000000  -0.084112259881429   0.000000000000000   0.000000000000000
  4.409093937083574   4.000000000000000   1.000000000000000   0.181812125832852   0.000000000000000   0.000000000000000
  5.434071614765593   4.000000000000000   1.000000000000000   0.131856770468813   0.000000000000000   0.000000000000000
  6.570189351047611   4.000000000000000   1.000000000000000  -0.140378702095222   0.000000000000000   0.000000000000000
  7.592809880455771   4.000000000000000   1.000000000000000  -0.185619760911543   0.000000000000000   0.000000000000000
  8.459602149504919   4.000000000000000   1.000000000000000   0.080795700990161   0.000000000000000   0.000000000000000
  9.183223003812728   4.000000000000000   1.000000000000000   0.633553992374543   0.000000000000000   0.000000000000000
 10.393336051997963   4.000000000000000   1.000000000000000   0.213327896004073   0.000000000000000   0.000000000000000
  1.413484911257947   5.000000000000000   1.000000000000000   0.173030177484107   0.000000000000000   0.000000000000000
  2.187349210821491   5.000000000000000   1.000000000000000   0.625301578357017   0.000000000000000   0.000000000000000
  3.379721274479957   5.000000000000000   1.000000000000000   0.240557451040085   0.000000000000000   0.000000000000000
  4.404273640695452   5.000000000000000   1.000000000000000   0.191452718609096   0.000000000000000   0.000000000000000
  5.271502960151329   5.000000000000000   1.000000000000000   0.456994079697342   0.000000000000000   0.000000000000000
  6.726782118156701   5.000000000000000   1.000000000000000  -0.453564236313403   0.000000000000000   0.000000000000000
  7.593571563754980   5.000000000000000   1.000000000000000  -0.187143127509960   0.000000000000000   0.000000000000000
  8.617349699663183   5.000000000000000   1.000000000000000  -0.234699399326367   0.000000000000000   0.000000000000000
  9.783322626044024   5.000000000000000   1.000000000000000  -0.566645252088049   0.000000000000000   0.000000000000000
 10.591432195975830   5.000000000000000   1.000000000000000  -0.182864391951660   0.000000000000000   0.000000000000000
  1.399695904944572   6.000000000000000   1.000000000000000   0.200608190110857   0.000000000000000   0.000000000000000
  2.291715850148466   6.000000000000000   1.000000000000000   0.416568299703067   0.000000000000000   0.000000000000000
  3.402131629464772   6.000000000000000   1.000000000000000   0.195736741070456   0.000000000000000   0.000000000000000
  4.529332609960518   6.000000000000000   1.000000000000000  -0.058665219921035   0.000000000000000   0.000000000000000
  5.980853718327120   6.000000000000000   1.000000000000000  -0.961707436654240   0.000000000000000   0.000000000000000
  6.002921239423170   6.000000000000000   1.000000000000000   0.994157521153661   0.000000000000000   0.000000000000000
  7.460723885207290   6.000000000000000   1.000000000000000   0.078552229585419   0.000000000000000   0.000000000000000
  8.599681610059529   6.000000000000000   1.000000000000000  -0.199363220119056   0.000000000000000   0.000000000000000
  9.714856709701955   6.000000000000000   1.000000000000000  -0.429713419403911   0.000000000000000   0.000000000000000
 10.604308059387598   6.000000000000000   1.000000000000000  -0.208616118775195   0.000000000000000   0.000000000000000
  1.414540211379344   7.000000000000000   1.000000000000000   0.170919577241312   0.000000000000000   0.000000000000000
  2.187117462325702   7.000000000000000   1.000000000000000   0.625765075348595   0.000000000000000   0.000000000000000
  3.376860738349402   7.000000000000000   1.000000000000000   0.246278523301197   0.000000000000000   0.000000000000000
  4.402676192157452   7.000000000000000   1.000000000000000   0.194647615685095   0.000000000000000   0.000000000000000
  5.271825941449340   7.000000000000000   1.000000000000000   0.456348117101322   0.000000000000000   0.000000000000000
  6.725363852429164   7.000000000000000   1.000000000000000  -0.450727704858329   0.000000000000000   0.000000000000000
  7.593297254005584   7.000000000000000   1.000000000000000  -0.186594508011168   0.000000000000000   0.000000000000000
  8.617179707921110   7.000000000000000   1.000000000000000  -0.234359415842220   0.000000000000000   0.000000000000000
  9.783746605512075   7.000000000000000   1.000000000000000  -0.567493211024151   0.000000000000000   0.000000000000000
 10.592036952980768   7.000000000000000   1.000000000000000  -0.184073905961535   0.000000000000000   0.000000000000000
  1.598435399333217   8.000000000000000   1.000000000000000  -0.196870798666433   0.000000000000000   0.000000000000000
  2.819192034676545   8.000000000000000   1.000000000000000  -0.638384069353090   0.000000000000000   0.000000000000000
  3.541372139629787   8.000000000000000   1.000000000000000  -0.082744279259573   0.000000000000000   0.000000000000000
  4.406357778488614   8.000000000000000   1.000000000000000   0.187284443022773   0.000000000000000   0.000000000000000
  5.429591532021068   8.000000000000000   1.000000000000000   0.140816935957863   0.000000000000000   0.000000000000000
  6.566221277536941   8.000000000000000   1.000000000000000  -0.132442555073881   0.000000000000000   0.000000000000000
  7.590073058084170   8.000000000000000   1.000000000000000  -0.180146116168339   0.000000000000000   0.000000000000000
  8.455427259058352   8.000000000000000   1.000000000000000   0.089145481883296   0.000000000000000   0.000000000000000
  9.182234022369645   8.000000000000000   1.000000000000000   0.635531955260709   0.000000000000000   0.000000000000000
 10.396652798696445   8.000000000000000   1.000000000000000   0.206694402607111   0.000000000000000   0.000000000000000
  1.613301367899063   9.000000000000000   1.000000000000000  -0.226602735798125   0.000000000000000   0.000000000000000
  2.815624801705659   9.000000000000000   1.000000000000000  -0.631249603411318   0.000000000000000   0.000000000000000
  3.536899040675042   9.000000000000000   1.000000000000000  -0.073798081350085   0.000000000000000   0.000000000000000
  4.256547526865335   9.000000000000000   1.000000000000000   0.486904946269331   0.000000000000000   0.000000000000000
  5.434290999817702   9.000000000000000   1.000000000000000   0.131418000364596   0.000000000000000   0.000000000000000
  6.547903447840848   9.000000000000000   1.000000000000000  -0.095806895681696   0.000000000000000   0.000000000000000
  7.722737213874201   9.000000000000000   1.000000000000000  -0.445474427748401   0.000000000000000   0.000000000000000
  8.445104054251003   9.000000000000000   1.000000000000000   0.109791891497996   0.000000000000000   0.000000000000000
  9.146810334156545   9.000000000000000   1.000000000000000   0.706379331686911   0.000000000000000   0.000000000000000
 10.377795696695673   9.000000000000000   1.000000000000000   0.244408606608655   0.000000000000000   0.000000000000000
  1.461078071144864  10.000000000000000   1.000000000000000   0.077843857710272   0.000000000000000   0.000000000000000
  2.317301992890552  10.000000000000000   1.000000000000000   0.365396014218895   0.000000000000000   0.000000000000000
  3.534236857475793  10.000000000000000   1.000000000000000  -0.068473714951587   0.000000000000000   0.000000000000000
  4.756589284118282  10.000000000000000   1.000000000000000  -0.513178568236564   0.000000000000000   0.000000000000000
  5.541106131122632  10.000000000000000   1.000000000000000  -0.082212262245264   0.000000000000000   0.000000000000000
  6.429150831535368  10.000000000000000   1.000000000000000   0.141698336929265   0.000000000000000   0.000000000000000
  7.228599319690422  10.000000000000000   1.000000000000000   0.542801360619156   0.000000000000000   0.000000000000000
  8.451389691862635  10.000000000000000   1.000000000000000   0.097220616274728   0.000000000000000   0.000000000000000
  9.669876318723350  10.000000000000000   1.000000000000000  -0.339752637446702   0.000000000000000   0.000000000000000
 10.532307636378095  10.000000000000000   1.000000000000000  -0.064615272756188   0.000000000000000   0.000000000000000
  1.449487322448373  11.000000000000000   1.000000000000000   0.101025355103254   0.000000000000000   0.000000000000000
  2.419130187234872  11.000000000000000   1.000000000000000   0.161739625530255   0.000000000000000   0.000000000000000
  3.539180333942353  11.000000000000000   1.000000000000000  -0.078360667884707   0.000000000000000   0.000000000000000
  4.635273426089210  11.000000000000000   1.000000000000000  -0.270546852178420   0.000000000000000   0.000000000000000
  5.542128964014742  11.000000000000000   1.000000000000000  -0.084257928029484   0.000000000000000   0.000000000000000
  6.438339667947418  11.000000000000000   1.000000000000000   0.123320664105164   0.000000000000000   0.000000000000000
  7.356976919744256  11.000000000000000   1.000000000000000   0.286046160511488   0.000000000000000   0.000000000000000
  8.462330100882770  11.000000000000000   1.000000000000000   0.075339798234459   0.000000000000000   0.000000000000000
  9.578246593012429  11.000000000000000   1.000000000000000  -0.156493186024856   0.000000000000000   0.000000000000000
 10.542100072091065  11.000000000000000   1.000000000000000  -0.084200144182132   0.000000000000000   0.000000000000000
  1.449793276631791   1.000000000000000   2.000000000000000   0.100413446736417   0.000000000000000   0.000000000000000
  2.403275580877907   1.000000000000000   2.000000000000000   0.193448838244186   0.000000000000000   0.000000000000000
  3.425601996527359   1.000000000000000   2.000000000000000   0.148796006945282   0.000000000000000   0.000000000000000
  4.556335038319645   1.000000000000000   2.000000000000000  -0.112670076639290   0.000000000000000   0.000000000000000
  5.565020951649636   1.000000000000000   2.000000000000000  -0.130041903299271   0.000000000000000   0.000000000000000
  6.468661825523090   1.000000000000000   2.000000000000000   0.062676348953820   0.000000000000000   0.000000000000000
  7.477994146193339   1.000000000000000   2.000000000000000   0.044011707613321   0.000000000000000   0.000000000000000
  8.606042291607649   1.000000000000000   2.000000000000000  -0.212084583215297   0.000000000000000   0.000000000000000
  9.624174121203039   1.000000000000000   2.000000000000000  -0.248348242406078   0.000000000000000   0.000000000000000
 10.567581629450943   1.000000000000000   2.000000000000000  -0.135163258901887   0.000000000000000   0.000000000000000
  1.453306454170455   2.000000000000000   2.000000000000000   0.093387091659090   0.000000000000000   0.000000000000000
  2.333721839812241   2.000000000000000   2.000000000000000   0.332556320375517   0.000000000000000   0.000000000000000
  3.310062755463425   2.000000000000000   2.000000000000000   0.379874489073151   0.000000000000000   0.000000000000000
  4.678871092250695   2.000000000000000   2.000000000000000  -0.357742184501389   0.000000000000000   0.000000000000000
  5.665933826018985   2.000000000000000   2.000000000000000  -0.331867652037969   0.000000000000000   0.000000000000000
  6.353998267930075   2.000000000000000   2.000000000000000   0.292003464139849   0.000000000000000   0.000000000000000
  7.346271116636054   2.000000000000000   2.000000000000000   0.307457766727891   0.000000000000000   0.000000000000000
  8.710218629910910   2.000000000000000   2.000000000000000  -0.420437259821819   0.000000000000000   0.000000000000000
  9.687284912143765   2.000000000000000   2.000000000000000  -0.374569824287529   0.000000000000000   0.000000000000000
 10.556645161977485   2.000000000000000   2.000000000000000  -0.113290323954970   0.000000000000000   0.000000000000000
  1.521994545780561   3.000000000000000   2.000000000000000  -0.043989091561121   0.000000000000000   0.000000000000000
 10.482487059714392   3.000000000000000   2.000000000000000   0.035025880571216   0.000000000000000   0.000000000000000
  1.629889477218224   4.000000000000000   2.000000000000000  -0.259778954436448   0.000000000000000   0.000000000000000
  2.994678652506090   4.000000000000000   2.000000000000000  -0.989357305012180   0.000000000000000   0.000000000000000
  4.000000000000000   4.000000000000000   2.000000000000000  -1.000000000000000   0.000000000000000   0.000000000000000
  4.101831549205480   4.000000000000000   2.000000000000000   0.796336901589041   0.000000000000000   0.000000000000000
  5.097764148171394   4.000000000000000   2.000000000000000   0.804471703657212   0.000000000000000   0.000000000000000
  6.907669643556981   4.000000000000000   2.000000000000000  -0.815339287113963   0.000000000000000   0.000000000000000
  7.912280078501005   4.000000000000000   2.000000000000000  -0.824560157002009   0.000000000000000   0.000000000000000
  8.010030982018208   4.000000000000000   2.000000000000000   0.979938035963586   0.000000000000000   0.000000000000000
  9.008597988121414   4.000000000000000   2.000000000000000   0.982804023757172   0.000000000000000   0.000000000000000
 10.373262699272237   4.000000000000000   2.000000000000000   0.253474601455528   0.000000000000000   0.000000000000000
  1.510585712500821   5.000000000000000   2.000000000000000  -0.021171425001642   0.000000000000000   0.000000000000000
 10.490854508947905   5.000000000000000   2.000000000000000   0.018290982104191   0.000000000000000   0.000000000000000
  1.402987524930103   6.000000000000000   2.000000000000000   0.194024950139794   0.000000000000000   0.000000000000000
  2.089454457284779   6.000000000000000   2.000000000000000   0.821091085430441   0.000000000000000   0.000000000000000
  3.090296114644274   6.000000000000000   2.000000000000000   0.819407770711453   0.000000000000000   0.000000000000000
  4.901680674401145   6.000000000000000   2.000000000000000  -0.803361348802291   0.000000000000000   0.000000000000000
  5.897253020003932   6.000000000000000   2.000000000000000  -0.794506040007865   0.000000000000000   0.000000000000000
  6.098040802208277   6.000000000000000   2.000000000000000   0.803918395583446   0.000000000000000   0.000000000000000
  7.102565052690160   6.000000000000000   2.000000000000000   0.794869894619680   0.000000000000000   0.000000000000000
  8.911659898185141   6.000000000000000   2.000000000000000  -0.823319796370281   0.000000000000000   0.000000000000000
  9.908725339315183   6.000000000000000   2.000000000000000  -0.817450678630365   0.000000000000000   0.000000000000000
 10.596504748161834   6.000000000000000   2.000000000000000  -0.193009496323668   0.000000000000000   0.000000000000000
  1.508430788868420   7.000000000000000   2.000000000000000  -0.016861577736840   0.000000000000000   0.000000000000000
 10.491617774400373   7.000000000000000   2.000000000000000   0.016764451199254   0.000000000000000   0.000000000000000
  1.627534346101184   8.000000000000000   2.000000000000000  -0.255068692202367   0.000000000000000   0.000000000000000
  2.988131850471611   8.000000000000000   2.000000000000000  -0.976263700943223   0.000000000000000   0.000000000000000
  3.992572746642665   8.000000000000000   2.000000000000000  -0.985145493285329   0.000000000000000   0.000000000000000
  4.092889749124658   8.000000000000000   2.000000000000000   0.814220501750685   0.000000000000000   0.000000000000000
  5.088235173540270   8.000000000000000   2.000000000000000   0.823529652919459   0.000000000000000   0.000000000000000
  6.898070160498291   8.000000000000000   2.000000000000000  -0.796140320996581   0.000000000000000   0.000000000000000
  7.902008591597895   8.000000000000000   2.000000000000000  -0.804017183195791   0.000000000000000   0.000000000000000
  8.004285366141476   8.000000000000000   2.000000000000000   0.991429267717047   0.000000000000000   0.000000000000000
  9.001773894667119   8.000000000000000   2.000000000000000   0.996452210665763   0.000000000000000   0.000000000000000
 10.371055115705895   8.000000000000000   2.000000000000000   0.257889768588211   0.000000000000000   0.000000000000000
  1.520263185193139   9.000000000000000   2.000000000000000  -0.040526370386278   0.000000000000000   0.000000000000000
 10.478051024410428   9.000000000000000   2.000000000000000   0.043897951179144   0.000000000000000   0.000000000000000
  1.442906215114606  10.000000000000000   2.000000000000000   0.114187569770788   0.000000000000000   0.000000000000000
  2.310162474262333  10.000000000000000   2.000000000000000   0.379675051475333   0.000000000000000   0.000000000000000
  3.292107596309414  10.000000000000000   2.000000000000000   0.415784807381171   0.000000000000000   0.000000000000000
  4.654952616825455  10.000000000000000   2.000000000000000  -0.309905233650910   0.000000000000000   0.000000000000000
  5.644987655507176  10.000000000000000   2.000000000000000  -0.289975311014352   0.000000000000000   0.000000000000000
  6.330424613785556  10.000000000000000   2.000000000000000   0.339150772428890   0.000000000000000   0.000000000000000
  7.323881196548800  10.000000000000000   2.000000000000000   0.352237606902402   0.000000000000000   0.000000000000000
  8.689887291449557  10.000000000000000   2.000000000000000  -0.379774582899114   0.000000000000000   0.000000000000000
  9.666844083367442  10.000000000000000   2.000000000000000  -0.333688166734884   0.000000000000000   0.000000000000000
 10.546497919122427  10.000000000000000   2.000000000000000  -0.092995838244852   0.000000000000000   0.000000000000000
  1.432085919161491  11.000000000000000   2.000000000000000   0.135828161677018   0.000000000000000   0.000000000000000
  2.375123768579710  11.000000000000000   2.000000000000000   0.249752462840581   0.000000000000000   0.000000000000000
  3.394579701994034  11.000000000000000   2.000000000000000   0.210840596011933   0.000000000000000   0.000000000000000
  4.522391378602509  11.000000000000000   2.000000000000000  -0.044782757205019   0.000000000000000   0.000000000000000
  5.530684408791508  11.000000000000000   2.000000000000000  -0.061368817583017   0.000000000000000   0.000000000000000
  6.433754557353414  11.000000000000000   2.000000000000000   0.132490885293173   0.000000000000000   0.000000000000000
  7.444266652774574  11.000000000000000   2.000000000000000   0.111466694450852   0.000000000000000   0.000000000000000
  8.574649692902733  11.000000000000000   2.000000000000000  -0.149299385805468   0.000000000000000   0.000000000000000
  9.597041874354328  11.000000000000000   2.000000000000000  -0.194083748708659   0.000000000000000   0.000000000000000
 10.550259279898812  11.000000000000000   2.000000000000000  -0.100518559797623   0.000000000000000   0.000000000000000
  1.000000000000000   1.539908598498605   1.000000000000000   0.000000000000000  -0.079817196997210   0.000000000000000
  2.000000000000000   1.529670759803643   1.000000000000000   0.000000000000000  -0.059341519607287   0.000000000000000
  3.000000000000000   1.384038344039813   1.000000000000000   0.000000000000000   0.231923311920373   0.000000000000000
  4.000000000000000   1.396813799586302   1.000000000000000   0.000000000000000   0.206372400827395   0.000000000000000
  5.000000000000000   1.588356724452572   1.000000000000000   0.000000000000000  -0.176713448905144   0.000000000000000
  6.000000000000000   1.601977771817886   1.000000000000000   0.000000000000000  -0.203955543635773   0.000000000000000
  7.000000000000000   1.586837478124700   1.000000000000000   0.000000000000000  -0.173674956249400   0.000000000000000
  8.000000000000000   1.404099605485813   1.000000000000000   0.000000000000000   0.191800789028373   0.000000000000000
  9.000000000000000   1.384267731571279   1.000000000000000   0.000000000000000   0.231464536857441   0.000000000000000
 10.000000000000000   1.540776722745312   1.000000000000000   0.000000000000000  -0.081553445490624   0.000000000000000
 11.000000000000000   1.549436677425848   1.000000000000000   0.000000000000000  -0.098873354851695   0.000000000000000
  1.000000000000000   2.570157373669982   1.000000000000000   0.000000000000000  -0.140314747339964   0.000000000000000
  2.000000000000000   2.669774061974987   1.000000000000000   0.000000000000000  -0.339548123949975   0.000000000000000
  3.000000000000000   2.171440710633809   1.000000000000000   0.000000000000000   0.657118578732381   0.000000000000000
  4.000000000000000   2.177846895771598   1.000000000000000   0.000000000000000   0.644306208456804   0.000000000000000
  5.000000000000000   2.799054352474681   1.000000000000000   0.000000000000000  -0.598108704949362   0.000000000000000
  6.000000000000000   2.712521771159532   1.000000000000000   0.000000000000000  -0.425043542319063   0.000000000000000
  7.000000000000000   2.793282020776763   1.000000000000000   0.000000000000000  -0.586564041553525   0.000000000000000
  8.000000000000000   2.185414185346789   1.000000000000000   0.000000000000000   0.629171629306421   0.000000000000000
  9.000000000000000   2.166552184714674   1.000000000000000   0.000000000000000   0.666895630570653   0.000000000000000
 10.000000000000000   2.678289642163950   1.000000000000000   0.000000000000000  -0.356579284327900   0.000000000000000
 11.000000000000000   2.585680212148429   1.000000000000000   0.000000000000000  -0.171360424296857   0.000000000000000
  1.000000000000000   3.451439726096654   1.000000000000000   0.000000000000000   0.097120547806692   0.000000000000000
  2.000000000000000   3.454522232456174   1.000000000000000   0.000000000000000   0.090955535087652   0.000000000000000
  3.000000000000000   3.452271511239751   1.000000000000000   0.000000000000000   0.095456977520498   0.000000000000000
  4.000000000000000   3.459727225764735   1.000000000000000   0.000000000000000   0.080545548470529   0.000000000000000
  5.000000000000000   3.616279260140588   1.000000000000000   0.000000000000000  -0.232558520281176   0.000000000000000
  6.000000000000000   3.596412873544037   1.000000000000000   0.000000000000000  -0.192825747088074   0.000000000000000
  7.000000000000000   3.618307140801051   1.000000000000000   0.000000000000000  -0.236614281602101   0.000000000000000
  8.000000000000000   3.461406715381250   1.000000000000000   0.000000000000000   0.077186569237500   0.000000000000000
  9.000000000000000   3.468690724496061   1.000000000000000   0.000000000000000   0.062618551007879   0.000000000000000
 10.000000000000000   3.457969766240849   1.000000000000000   0.000000000000000   0.084060467518301   0.000000000000000
 11.000000000000000   3.463619082334407   1.000000000000000   0.000000000000000   0.072761835331185   0.000000000000000
  1.000000000000000   4.349636608339543   1.000000000000000   0.000000000000000   0.300726783320915   0.000000000000000
  2.000000000000000   4.217181763661713   1.000000000000000   0.000000000000000   0.565636472676575   0.000000000000000
  3.000000000000000   4.738917813924797   1.000000000000000   0.000000000000000  -0.477835627849594   0.000000000000000
  4.000000000000000   4.593405416705078   1.000000000000000   0.000000000000000  -0.186810833410157   0.000000000000000
  5.000000000000000   4.594369407773259   1.000000000000000   0.000000000000000  -0.188738815546518   0.000000000000000
  6.000000000000000   4.466551286968449   1.000000000000000   0.000000000000000   0.066897426063102   0.000000000000000
  7.000000000000000   4.594676812776329   1.000000000000000   0.000000000000000  -0.189353625552658   0.000000000000000
  8.000000000000000   4.594406110514126   1.000000000000000   0.000000000000000  -0.188812221028252   0.000000000000000
  9.000000000000000   4.727881259409649   1.000000000000000   0.000000000000000  -0.455762518819299   0.000000000000000
 10.000000000000000   4.247268237307367   1.000000000000000   0.000000000000000   0.505463525385266   0.000000000000000
 11.000000000000000   4.359997795002540   1.000000000000000   0.000000000000000   0.280004409994920   0.000000000000000
  1.000000000000000   5.434985609823394   1.000000000000000   0.000000000000000   0.130028780353212   0.000000000000000
  2.000000000000000   5.439168395501786   1.000000000000000   0.000000000000000   0.121663208996427   0.000000000000000
  3.000000000000000   5.546076690210056   1.000000000000000   0.000000000000000  -0.092153380420111   0.000000000000000
  4.000000000000000   5.561192681394203   1.000000000000000   0.000000000000000  -0.122385362788405   0.000000000000000
  5.000000000000000   5.720855206895682   1.000000000000000   0.000000000000000  -0.441710413791365   0.000000000000000
  6.000000000000000   5.010511234102580   1.000000000000000   0.000000000000000   0.978977531794840   0.000000000000000
  7.000000000000000   5.727478477413385   1.000000000000000   0.000000000000000  -0.454956954826770   0.000000000000000
  8.000000000000000   5.571902485241336   1.000000000000000   0.000000000000000  -0.143804970482672   0.000000000000000
  9.000000000000000   5.562681564359242   1.000000000000000   0.000000000000000  -0.125363128718484   0.000000000000000
 10.000000000000000   5.449878533938838   1.000000000000000   0.000000000000000   0.100242932122324   0.000000000000000
 11.000000000000000   5.460117638815725   1.000000000000000   0.000000000000000   0.079764722368549   0.000000000000000
  1.000000000000000   6.535863870002903   1.000000000000000   0.000000000000000  -0.071727740005806   0.000000000000000
  2.000000000000000   6.543755741620881   1.000000000000000   0.000000000000000  -0.087511483241763   0.000000000000000
  3.000000000000000   6.439865362475195   1.000000000000000   0.000000000000000   0.120269275049610   0.000000000000000
  4.000000000000000   6.427620314516437   1.000000000000000   0.000000000000000   0.144759370967127   0.000000000000000
  5.000000000000000   6.270742661366064   1.000000000000000   0.000000000000000   0.458514677267871   0.000000000000000
  6.000000000000000   6.987925299637294   1.000000000000000   0.000000000000000  -0.975850599274588   0.000000000000000
  7.000000000000000   6.272503330681039   1.000000000000000   0.000000000000000   0.454993338637921   0.000000000000000
  8.000000000000000   6.432373751706273   1.000000000000000   0.000000000000000   0.135252496587453   0.000000000000000
  9.000000000000000   6.446713924652471   1.000000000000000   0.000000000000000   0.106572150695058   0.000000000000000
 10.000000000000000   6.563893608675182   1.000000000000000   0.000000000000000  -0.127787217350365   0.000000000000000
 11.000000000000000   6.563237921986642   1.000000000000000   0.000000000000000  -0.126475843973283   0.000000000000000
  1.000000000000000   7.626603526545869   1.000000000000000   0.000000000000000  -0.253207053091739   0.000000000000000
  2.000000000000000   7.767216097218878   1.000000000000000   0.000000000000000  -0.534432194437756   0.000000000000000
  3.000000000000000   7.250272036544060   1.000000000000000   0.000000000000000   0.499455926911880   0.000000000000000
  4.000000000000000   7.401341319134159   1.000000000000000   0.000000000000000   0.197317361731683   0.000000000000000
  5.000000000000000   7.403352687536579   1.000000000000000   0.000000000000000   0.193294624926843   0.000000000000000
  6.000000000000000   7.531580817313269   1.000000000000000   0.000000000000000  -0.063161634626539   0.000000000000000
  7.000000000000000   7.404959498588951   1.000000000000000   0.000000000000000   0.190081002822098   0.000000000000000
  8.000000000000000   7.406830499055089   1.000000000000000   0.000000000000000   0.186339001889821   0.000000000000000
  9.000000000000000   7.273977084837258   1.000000000000000   0.000000000000000   0.452045830325485   0.000000000000000
 10.000000000000000   7.755158325171738   1.000000000000000   0.000000000000000  -0.510316650343477   0.000000000000000
 11.000000000000000   7.650987371946338   1.000000000000000   0.000000000000000  -0.301974743892676   0.000000000000000
  1.000000000000000   8.533474575820980   1.000000000000000   0.000000000000000  -0.066949151641962   0.000000000000000
  2.000000000000000   8.537631981084195   1.000000000000000   0.000000000000000  -0.075263962168388   0.000000000000000
  3.000000000000000   8.541520688962532   1.000000000000000   0.000000000000000  -0.083041377925064   0.000000000000000
  4.000000000000000   8.537060624395068   1.000000000000000   0.000000000000000  -0.074121248790134   0.000000000000000
  5.000000000000000   8.380752112263830   1.000000000000000   0.000000000000000   0.238495775472341   0.000000000000000
  6.000000000000000   8.400812658171720   1.000000000000000   0.000000000000000   0.198374683656562   0.000000000000000
  7.000000000000000   8.381692036405706   1.000000000000000   0.000000000000000   0.236615927188587   0.000000000000000
  8.000000000000000   8.541813442826683   1.000000000000000   0.000000000000000  -0.083626885653368   0.000000000000000
  9.000000000000000   8.542648693098394   1.000000000000000   0.000000000000000  -0.085297386196790   0.000000000000000
 10.000000000000000   8.544601818304498   1.000000000000000   0.000000000000000  -0.089203636608996   0.000000000000000
 11.000000000000000   8.541877065575370   1.000000000000000   0.000000000000000  -0.083754131150741   0.000000000000000
  1.000000000000000   9.414067805436352   1.000000000000000   0.000000000000000   0.171864389127296   0.000000000000000
  2.000000000000000   9.316603006870567   1.000000000000000   0.000000000000000   0.366793986258866   0.000000000000000
  3.000000000000000   9.821794338451594   1.000000000000000   0.000000000000000  -0.643588676903190   0.000000000000000
  4.000000000000000   9.816986559992767   1.000000000000000   0.000000000000000  -0.633973119985533   0.000000000000000
  5.000000000000000   9.193804312632935   1.000000000000000   0.000000000000000   0.612391374734132   0.000000000000000
  6.000000000000000   9.281198079723453   1.000000000000000   0.000000000000000   0.437603840553096   0.000000000000000
  7.000000000000000   9.200613982300414   1.000000000000000   0.000000000000000   0.598772035399172   0.000000000000000
  8.000000000000000   9.811569226184019   1.000000000000000   0.000000000000000  -0.623138452368041   0.000000000000000
  9.000000000000000   9.831312208963599   1.000000000000000   0.000000000000000  -0.662624417927198   0.000000000000000
 10.000000000000000   9.322240836656224   1.000000000000000   0.000000000000000   0.355518326687550   0.000000000000000
 11.000000000000000   9.419308674875964   1.000000000000000   0.000000000000000   0.161382650248073   0.000000000000000
  1.000000000000000  10.449256028109012   1.000000000000000   0.000000000000000   0.101487943781977   0.000000000000000
  2.000000000000000  10.465769750829260   1.000000000000000   0.000000000000000   0.068460498341481   0.000000000000000
  3.000000000000000  10.612943528916380   1.000000000000000   0.000000000000000  -0.225887057832760   0.000000000000000
  4.000000000000000  10.601441560977614   1.000000000000000   0.000000000000000  -0.202883121955227   0.000000000000000
  5.000000000000000  10.409682603119059   1.000000000000000   0.000000000000000   0.180634793761882   0.000000000000000
  6.000000000000000  10.396011504518015   1.000000000000000   0.000000000000000   0.207976990963972   0.000000000000000
  7.000000000000000  10.411708557769224   1.000000000000000   0.000000000000000   0.176582884461553   0.000000000000000
  8.000000000000000  10.595024379323668   1.000000000000000   0.000000000000000  -0.190048758647337   0.000000000000000
  9.000000000000000  10.615729188252134   1.000000000000000   0.000000000000000  -0.231458376504268   0.000000000000000
 10.000000000000000  10.465010350277471   1.000000000000000   0.000000000000000   0.069979299445058   0.000000000000000
 11.000000000000000  10.457795670708844   1.000000000000000   0.000000000000000   0.084408658582313   0.000000000000000
  1.000000000000000   1.550219553156935   2.000000000000000   0.000000000000000  -0.100439106313871   0.000000000000000
  2.000000000000000   1.546520383653361   2.000000000000000   0.000000000000000  -0.093040767306721   0.000000000000000
  3.000000000000000   1.477771106156504   2.000000000000000   0.000000000000000   0.044457787686992   0.000000000000000
  4.000000000000000   1.370155572084739   2.000000000000000   0.000000000000000   0.259688855830521   0.000000000000000
  5.000000000000000   1.491354796382610   2.000000000000000   0.000000000000000   0.017290407234779   0.000000000000000
  6.000000000000000   1.596367175358047   2.000000000000000   0.000000000000000  -0.192734350716094   0.000000000000000
  7.000000000000000   1.490706700409933   2.000000000000000   0.000000000000000   0.018586599180134   0.000000000000000
  8.000000000000000   1.372873427675934   2.000000000000000   0.000000000000000   0.254253144648133   0.000000000000000
  9.000000000000000   1.482059886642928   2.000000000000000   0.000000000000000   0.035880226714143   0.000000000000000
 10.000000000000000   1.556582965546363   2.000000000000000   0.000000000000000  -0.113165931092726   0.000000000000000
 11.000000000000000   1.567577226550675   2.000000000000000   0.000000000000000  -0.135154453101350   0.000000000000000
  1.000000000000000   2.596940275926079   2.000000000000000   0.000000000000000  -0.193880551852159   0.000000000000000
  2.000000000000000   2.666425555981716   2.000000000000000   0.000000000000000  -0.332851111963433   0.000000000000000
  4.000000000000000   2.002343035638820   2.000000000000000   0.000000000000000   0.995313928722360   0.000000000000000
  6.000000000000000   2.907853142481799   2.000000000000000   0.000000000000000  -0.815706284963599   0.000000000000000
  8.000000000000000   2.009153860105146   2.000000000000000   0.000000000000000   0.981692279789709   0.000000000000000
 10.000000000000000   2.686978444385987   2.000000000000000   0.000000000000000  -0.373956888771974   0.000000000000000
 11.000000000000000   2.624228206036892   2.000000000000000   0.000000000000000  -0.248456412073784   0.000000000000000
  1.000000000000000   3.574907920358061   2.000000000000000   0.000000000000000  -0.149815840716123   0.000000000000000
  2.000000000000000   3.690697105274847   2.000000000000000   0.000000000000000  -0.381394210549695   0.000000000000000
  4.000000000000000   3.003648934807499   2.000000000000000   0.000000000000000   0.992702130385002   0.000000000000000
  6.000000000000000   3.912778358826496   2.000000000000000   0.000000000000000  -0.825556717652993   0.000000000000000
  8.000000000000000   3.009899857652532   2.000000000000000   0.000000000000000   0.980200284694935   0.000000000000000
 10.000000000000000   3.710584559245059   2.000000000000000   0.000000000000000  -0.421169118490119   0.000000000000000
 11.000000000000000   3.606411407982391   2.000000000000000   0.000000000000000  -0.212822815964783   0.000000000000000
  1.000000000000000   4.444499348475578   2.000000000000000   0.000000000000000   0.111001303048845   0.000000000000000
  2.000000000000000   4.323872035602642   2.000000000000000   0.000000000000000   0.352255928794715   0.000000000000000
  4.000000000000000   4.902353774167762   2.000000000000000   0.000000000000000  -0.804707548335523   0.000000000000000
  6.000000000000000   4.102796217308138   2.000000000000000   0.000000000000000   0.794407565383724   0.000000000000000
  8.000000000000000   4.912208219749523   2.000000000000000   0.000000000000000  -0.824416439499047   0.000000000000000
 10.000000000000000   4.346744197924816   2.000000000000000   0.000000000000000   0.306511604150368   0.000000000000000
 11.000000000000000   4.478212269213381   2.000000000000000   0.000000000000000   0.043575461573239   0.000000000000000
  1.000000000000000   5.433913464423012   2.000000000000000   0.000000000000000   0.132173071153975   0.000000000000000
  2.000000000000000   5.330432562810509   2.000000000000000   0.000000000000000   0.339134874378982   0.000000000000000
  4.000000000000000   5.898582099480045   2.000000000000000   0.000000000000000  -0.797164198960090   0.000000000000000
  6.000000000000000   5.098178159988538   2.000000000000000   0.000000000000000   0.803643680022924   0.000000000000000
  8.000000000000000   5.907768637827711   2.000000000000000   0.000000000000000  -0.815537275655421   0.000000000000000
 10.000000000000000   5.354246202306505   2.000000000000000   0.000000000000000   0.291507595386991   0.000000000000000
 11.000000000000000   5.468921113916983   2.000000000000000   0.000000000000000   0.062157772166033   0.000000000000000
  1.000000000000000   6.531025327219543   2.000000000000000   0.000000000000000  -0.062050654439086   0.000000000000000
  2.000000000000000   6.645512242353234   2.000000000000000   0.000000000000000  -0.291024484706469   0.000000000000000
  4.000000000000000   6.087186838765501   2.000000000000000   0.000000000000000   0.825626322469000   0.000000000000000
  6.000000000000000   6.897708943158526   2.000000000000000   0.000000000000000  -0.795417886317053   0.000000000000000
  8.000000000000000   6.097726975556258   2.000000000000000   0.000000000000000   0.804546048887484   0.000000000000000
 10.000000000000000   6.666194340628675   2.000000000000000   0.000000000000000  -0.332388681257351   0.000000000000000
 11.000000000000000   6.565430300220691   2.000000000000000   0.000000000000000  -0.130860600441382   0.000000000000000
  1.000000000000000   7.522597193048838   2.000000000000000   0.000000000000000  -0.045194386097676   0.000000000000000
  2.000000000000000   7.655620915627846   2.000000000000000   0.000000000000000  -0.311241831255693   0.000000000000000
  4.000000000000000   7.092240447484001   2.000000000000000   0.000000000000000   0.815519105031997   0.000000000000000
  6.000000000000000   7.901830592879417   2.000000000000000   0.000000000000000  -0.803661185758833   0.000000000000000
  8.000000000000000   7.101987067474380   2.000000000000000   0.000000000000000   0.796025865051240   0.000000000000000
 10.000000000000000   7.678649583520892   2.000000000000000   0.000000000000000  -0.357299167041785   0.000000000000000
 11.000000000000000   7.556830535951239   2.000000000000000   0.000000000000000  -0.113661071902478   0.000000000000000
  1.000000000000000   8.394794573666628   2.000000000000000   0.000000000000000   0.210410852666744   0.000000000000000
  2.000000000000000   8.292458626673636   2.000000000000000   0.000000000000000   0.415082746652727   0.000000000000000
  4.000000000000000   8.992888759595106   2.000000000000000   0.000000000000000  -0.985777519190211   0.000000000000000
  6.000000000000000   8.091642523024140   2.000000000000000   0.000000000000000   0.816714953951720   0.000000000000000
  8.000000000000000   8.999800849449004   2.000000000000000   0.000000000000000  -0.999601698898007   0.000000000000000
 10.000000000000000   8.310912551709592   2.000000000000000   0.000000000000000   0.378174896580815   0.000000000000000
 11.000000000000000   8.425803010846433   2.000000000000000   0.000000000000000   0.148393978307132   0.000000000000000
  1.000000000000000   9.374506161470748   2.000000000000000   0.000000000000000   0.250987677058504   0.000000000000000
  2.000000000000000   9.308677833827867   2.000000000000000   0.000000000000000   0.382644332344268   0.000000000000000
  4.000000000000000   9.989712213617914   2.000000000000000   0.000000000000000  -0.979424427235827   0.000000000000000
  6.000000000000000   9.088423803594347   2.000000000000000   0.000000000000000   0.823152392811306   0.000000000000000
  8.000000000000000   9.995460181308870   2.000000000000000   0.000000000000000  -0.990920362617739   0.000000000000000
 10.000000000000000   9.334011224159767   2.000000000000000   0.000000000000000   0.331977551680466   0.000000000000000
 11.000000000000000   9.403264816526530   2.000000000000000   0.000000000000000   0.193470366946938   0.000000000000000
  1.000000000000000  10.431817613119348   2.000000000000000   0.000000000000000   0.136364773761304   0.000000000000000
  2.000000000000000  10.443043924235006   2.000000000000000   0.000000000000000   0.113912151529988   0.000000000000000
  3.000000000000000  10.519481906584145   2.000000000000000   0.000000000000000  -0.038963813168290   0.000000000000000
  4.000000000000000  10.626930252089450   2.000000000000000   0.000000000000000  -0.253860504178899   0.000000000000000
  5.000000000000000  10.508260084388219   2.000000000000000   0.000000000000000  -0.016520168776438   0.000000000000000
  6.000000000000000  10.403018457008251   2.000000000000000   0.000000000000000   0.193963085983499   0.000000000000000
  7.000000000000000  10.510478868829153   2.000000000000000   0.000000000000000  -0.020957737658306   0.000000000000000
  8.000000000000000  10.629571690418571   2.000000000000000   0.000000000000000  -0.259143380837140   0.000000000000000
  9.000000000000000  10.522229277804401   2.000000000000000   0.000000000000000  -0.044458555608803   0.000000000000000
 10.000000000000000  10.453216696821901   2.000000000000000   0.000000000000000   0.093566606356197   0.000000000000000
 11.000000000000000  10.449756195296212   2.000000000000000   0.000000000000000   0.100487609407576   0.000000000000000
  3.498858429705210   2.498858429705210   2.000000000000000   0.002283140589580   0.002283140589580   0.000000000000000
  2.500315088353839   3.500315088353839   2.000000000000000  -0.000630176707678  -0.000630176707678   0.000000000000000
  3.498810056168860   4.498810056168860   2.000000000000000   0.002379887662280   0.002379887662280   0.000000000000000
  2.501056750024608   5.501056750024608   2.000000000000000  -0.002113500049216  -0.002113500049216   0.000000000000000
  3.499083446892865   6.499083446892865   2.000000000000000   0.001833106214271   0.001833106214271   0.000000000000000
  2.500180584102148   7.500180584102148   2.000000000000000  -0.000361168204296  -0.000361168204296   0.000000000000000
  3.498880268591084   8.498880268591083   2.000000000000000   0.002239462817832   0.002239462817832   0.000000000000000
  2.501747770751695   9.501747770751695   2.000000000000000  -0.003495541503391  -0.003495541503391   0.000000000000000
  5.502011800285220   2.502011800285220   2.000000000000000  -0.004023600570440  -0.004023600570440   0.000000000000000
  4.498495616134081   3.498495616134081   2.000000000000000   0.003008767731838   0.003008767731838   0.000000000000000
  5.500911177648028   4.500911177648028   2.000000000000000  -0.001822355296057  -0.001822355296057   0.000000000000000
  4.498996052846036   5.498996052846036   2.000000000000000   0.002007894307929   0.002007894307929   0.000000000000000
  5.501559019999065   6.501559019999065   2.000000000000000  -0.003118039998129  -0.003118039998129   0.000000000000000
  4.498406120278850   7.498406120278850   2.000000000000000   0.003187759442299   0.003187759442299   0.000000000000000
  5.500947480356219   8.500947480356219   2.000000000000000  -0.001894960712438  -0.001894960712438   0.000000000000000
  4.498638837088689   9.498638837088690   2.000000000000000   0.002722325822622   0.002722325822622   0.000000000000000
  7.498640166523195   2.498640166523196   2.000000000000000   0.002719666953609   0.002719666953609   0.000000000000000
  6.500947152442182   3.500947152442182   2.000000000000000  -0.001894304884363  -0.001894304884363   0.000000000000000
  7.498421478292207   4.498421478292207   2.000000000000000   0.003157043415585   0.003157043415585   0.000000000000000
  6.501545236363582   5.501545236363582   2.000000000000000  -0.003090472727165  -0.003090472727165   0.000000000000000
  7.498995543136287   6.498995543136287   2.000000000000000   0.002008913727426   0.002008913727426   0.000000000000000
  6.500910789995802   7.500910789995802   2.000000000000000  -0.001821579991604  -0.001821579991604   0.000000000000000
  7.498510272887108   8.498510272887108   2.000000000000000   0.002979454225783   0.002979454225783   0.000000000000000
  6.502001898960641   9.502001898960641   2.000000000000000  -0.004003797921281  -0.004003797921281   0.000000000000000
  9.501751890742446   2.501751890742446   2.000000000000000  -0.003503781484892  -0.003503781484892   0.000000000000000
  8.498869133411770   3.498869133411770   2.000000000000000   0.002261733176460   0.002261733176460   0.000000000000000
  9.500179866141020   4.500179866141020   2.000000000000000  -0.000359732282039  -0.000359732282039   0.000000000000000
  8.499080252516158   5.499080252516158   2.000000000000000   0.001839494967684   0.001839494967684   0.000000000000000
  9.501060314417151   6.501060314417151   2.000000000000000  -0.002120628834302  -0.002120628834302   0.000000000000000
  8.498796154773624   7.498796154773625   2.000000000000000   0.002407690452751   0.002407690452751   0.000000000000000
  9.500313250126519   8.500313250126519   2.000000000000000  -0.000626500253037  -0.000626500253037   0.000000000000000
  8.498852905984917   9.498852905984917   2.000000000000000   0.002294188030165   0.002294188030165   0.000000000000000
  2.498875183273157   2.501124816726843   2.000000000000000   0.002249633453685  -0.002249633453685   0.000000000000000
  3.500690412410028   3.499309587589972   2.000000000000000  -0.001380824820055   0.001380824820055   0.000000000000000
  2.501547950555289   4.498452049444712   2.000000000000000  -0.003095901110577   0.003095901110577   0.000000000000000
  3.498493329050559   5.501506670949441   2.000000000000000   0.003013341898882  -0.003013341898882   0.000000000000000
  2.498263978737520   6.501736021262480   2.000000000000000   0.003472042524959  -0.003472042524959   0.000000000000000
  3.501082584237750   7.498917415762249   2.000000000000000  -0.002165168475501   0.002165168475501   0.000000000000000
  2.501418317247411   8.498581682752588   2.000000000000000  -0.002836634494822   0.002836634494822   0.000000000000000
  3.499114150531867   9.500885849468133   2.000000000000000   0.001771698936266  -0.001771698936266   0.000000000000000
  4.499189644444176   2.500810355555824   2.000000000000000   0.001620711111649  -0.001620711111649   0.000000000000000
  5.501477471206757   3.498522528793243   2.000000000000000  -0.002954942413514   0.002954942413514   0.000000000000000
  4.501020996852796   4.498979003147204   2.000000000000000  -0.002041993705593   0.002041993705593   0.000000000000000
  5.499019459955462   5.500980540044538   2.000000000000000   0.001961080089077  -0.001961080089077   0.000000000000000
  4.498536435696087   6.501463564303913   2.000000000000000   0.002927128607826  -0.002927128607826   0.000000000000000
  5.501523789012388   7.498476210987612   2.000000000000000  -0.003047578024777   0.003047578024777   0.000000000000000
  4.500613360413319   8.499386639586680   2.000000000000000  -0.001226720826639   0.001226720826639   0.000000000000000
  5.499772314261293   9.500227685738707   2.000000000000000   0.000455371477416  -0.000455371477416   0.000000000000000
  6.499771853964515   2.500228146035485   2.000000000000000   0.000456292070971  -0.000456292070971   0.000000000000000
  7.500611752985523   3.499388247014477   2.000000000000000  -0.001223505971045   0.001223505971045   0.000000000000000
  6.501537978647795   4.498462021352205   2.000000000000000  -0.003075957295590   0.003075957295590   0.000000000000000
  7.498521872086623   5.501478127913377   2.000000000000000   0.002956255826754  -0.002956255826754   0.000000000000000
  6.499020052125676   6.500979947874324   2.000000000000000   0.001959895748648  -0.001959895748648   0.000000000000000
  7.501021480424007   7.498978519575993   2.000000000000000  -0.002042960848014   0.002042960848014   0.000000000000000
  6.501491233021876   8.498508766978125   2.000000000000000  -0.002982466043752   0.002982466043752   0.000000000000000
  7.499183512716677   9.500816487283322   2.000000000000000   0.001632974566645  -0.001632974566645   0.000000000000000
  8.499118680220608   2.500881319779392   2.000000000000000   0.001762639558784  -0.001762639558784   0.000000000000000
  9.501403446226774   3.498596553773226   2.000000000000000  -0.002806892453549   0.002806892453549   0.000000000000000
  8.501080465784085   4.498919534215915   2.000000000000000  -0.002160931568170   0.002160931568170   0.000000000000000
  9.498261963411863   5.501738036588137   2.000000000000000   0.003476073176272  -0.003476073176272   0.000000000000000
  8.498502495060341   6.501497504939659   2.000000000000000   0.002995009879317  -0.002995009879317   0.000000000000000
  9.501532395098540   7.498467604901461   2.000000000000000  -0.003064790197078   0.003064790197078   0.000000000000000
  8.500691528671164   8.499308471328836   2.000000000000000  -0.001383057342328   0.001383057342328   0.000000000000000
  9.498875222021296   9.501124777978704   2.000000000000000   0.002249555957408  -0.002249555957408   0.000000000000000
  1.500040722567179   1.500040722567179   1.000000000000000  -0.000081445134358  -0.000081445134358   0.000000000000000
  2.503362283794578   1.503362283794578   1.000000000000000  -0.006724567589156  -0.006724567589156   0.000000000000000
  3.501852250897357   1.501852250897357   1.000000000000000  -0.003704501794714  -0.003704501794714   0.000000000000000
  4.497494318410423   1.497494318410423   1.000000000000000   0.005011363179153   0.005011363179153   0.000000000000000
  5.498575165548714   1.498575165548714   1.000000000000000   0.002849668902572   0.002849668902572   0.000000000000000
  6.498977957334617   1.498977957334617   1.000000000000000   0.002044085330766   0.002044085330766   0.000000000000000
  7.506225475594061   1.506225475594061   1.000000000000000  -0.012450951188121  -0.012450951188121   0.000000000000000
  8.502283508039275   1.502283508039276   1.000000000000000  -0.004567016078552  -0.004567016078552   0.000000000000000
  9.499051305985608   1.499051305985609   1.000000000000000   0.001897388028783   0.001897388028783   0.000000000000000
 10.498426961617257   1.498426961617257   1.000000000000000   0.003146076765486   0.003146076765486   0.000000000000000
  1.499471418867800   2.499471418867800   1.000000000000000   0.001057162264400   0.001057162264400   0.000000000000000
  2.504648544673648   2.504648544673648   1.000000000000000  -0.009297089347297  -0.009297089347297   0.000000000000000
  3.509566384193579   2.509566384193579   1.000000000000000  -0.019132768387158  -0.019132768387158   0.000000000000000
  4.503154908324920   2.503154908324920   1.000000000000000  -0.006309816649840  -0.006309816649840   0.000000000000000
  5.499112714582200   2.499112714582200   1.000000000000000   0.001774570835601   0.001774570835601   0.000000000000000
  6.500192222516163   2.500192222516163   1.000000000000000  -0.000384445032327  -0.000384445032327   0.000000000000000
  7.505596461376172   2.505596461376172   1.000000000000000  -0.011192922752344  -0.011192922752344   0.000000000000000
  8.511223168390995   2.511223168390996   1.000000000000000  -0.022446336781991  -0.022446336781991   0.000000000000000
  9.500695267881786   2.500695267881786   1.000000000000000  -0.001390535763572  -0.001390535763572   0.000000000000000
 10.499423080094404   2.499423080094405   1.000000000000000   0.001153839811190   0.001153839811190   0.000000000000000
  1.499371086140684   3.499371086140684   1.000000000000000   0.001257827718632   0.001257827718632   0.000000000000000
  2.498209097008935   3.498209097008935   1.000000000000000   0.003581805982130   0.003581805982130   0.000000000000000
  3.500056986152183   3.500056986152183   1.000000000000000  -0.000113972304366  -0.000113972304366   0.000000000000000
  4.503943059301136   3.503943059301136   1.000000000000000  -0.007886118602272  -0.007886118602272   0.000000000000000
  5.499026347993074   3.499026347993074   1.000000000000000   0.001947304013852   0.001947304013852   0.000000000000000
  6.498563110495648   3.498563110495648   1.000000000000000   0.002873779008704   0.002873779008704   0.000000000000000
  7.497598148154927   3.497598148154927   1.000000000000000   0.004803703690147   0.004803703690147   0.000000000000000
  8.501778542409449   3.501778542409450   1.000000000000000  -0.003557084818899  -0.003557084818899   0.000000000000000
  9.508059039582555   3.508059039582556   1.000000000000000  -0.016118079165112  -0.016118079165112   0.000000000000000
 10.502725676088033   3.502725676088033   1.000000000000000  -0.005451352176066  -0.005451352176066   0.000000000000000
  1.506288045421271   4.506288045421271   1.000000000000000  -0.012576090842542  -0.012576090842542   0.000000000000000
  2.504810019058596   4.504810019058596   1.000000000000000  -0.009620038117192  -0.009620038117192   0.000000000000000
  3.498510604893939   4.498510604893939   1.000000000000000   0.002978790212123   0.002978790212123   0.000000000000000
  4.499999412576986   4.499999412576986   1.000000000000000   0.000001174846028   0.000001174846028   0.000000000000000
  5.502508587898566   4.502508587898566   1.000000000000000  -0.005017175797133  -0.005017175797133   0.000000000000000
  6.498836507085251   4.498836507085251   1.000000000000000   0.002326985829498   0.002326985829498   0.000000000000000
  7.499590686523541   4.499590686523541   1.000000000000000   0.000818626952919   0.000818626952919   0.000000000000000
  8.497749607595638   4.497749607595638   1.000000000000000   0.004500784808725   0.004500784808725   0.000000000000000
  9.506399252978332   4.506399252978333   1.000000000000000  -0.012798505956664  -0.012798505956664   0.000000000000000
 10.506178301040643   4.506178301040643   1.000000000000000  -0.012356602081287  -0.012356602081287   0.000000000000000
  1.503999387635256   5.503999387635256   1.000000000000000  -0.007998775270512  -0.007998775270512   0.000000000000000
  2.506567693877166   5.506567693877166   1.000000000000000  -0.013135387754332  -0.013135387754332   0.000000000000000
  3.500523046798344   5.500523046798344   1.000000000000000  -0.001046093596689  -0.001046093596689   0.000000000000000
  4.499192872294074   5.499192872294074   1.000000000000000   0.001614255411851   0.001614255411851   0.000000000000000
  5.500503875484158   5.500503875484158   1.000000000000000  -0.001007750968316  -0.001007750968316   0.000000000000000
  6.504581137919210   5.504581137919210   1.000000000000000  -0.009162275838420  -0.009162275838420   0.000000000000000
  7.498965639816436   5.498965639816436   1.000000000000000   0.002068720367127   0.002068720367127   0.000000000000000
  8.498687384284693   5.498687384284693   1.000000000000000   0.002625231430613   0.002625231430613   0.000000000000000
  9.498453776364821   5.498453776364821   1.000000000000000   0.003092447270358   0.003092447270358   0.000000000000000
 10.498867103516815   5.498867103516815   1.000000000000000   0.002265792966369   0.002265792966369   0.000000000000000
  1.500714400164130   6.500714400164131   1.000000000000000  -0.001428800328260  -0.001428800328260   0.000000000000000
  2.505593013347016   6.505593013347016   1.000000000000000  -0.011186026694033  -0.011186026694033   0.000000000000000
  3.504127349231558   6.504127349231558   1.000000000000000  -0.008254698463116  -0.008254698463116   0.000000000000000
  4.504398974837613   6.504398974837613   1.000000000000000  -0.008797949675226  -0.008797949675226   0.000000000000000
  5.497110089045448   6.497110089045448   1.000000000000000   0.005779821909105   0.005779821909105   0.000000000000000
  6.500560320290376   6.500560320290376   1.000000000000000  -0.001120640580752  -0.001120640580752   0.000000000000000
  7.503095145826992   6.503095145826992   1.000000000000000  -0.006190291653985  -0.006190291653985   0.000000000000000
  8.498928174744510   6.498928174744509   1.000000000000000   0.002143650510982   0.002143650510982   0.000000000000000
  9.497248346489053   6.497248346489052   1.000000000000000   0.005503307021895   0.005503307021895   0.000000000000000
 10.497917880614910   6.497917880614910   1.000000000000000   0.004164238770179   0.004164238770179   0.000000000000000
  1.496909500760228   7.496909500760228   1.000000000000000   0.006180998479544   0.006180998479544   0.000000000000000
  2.501467980922086   7.501467980922086   1.000000000000000  -0.002935961844171  -0.002935961844171   0.000000000000000
  3.506537185940120   7.506537185940119   1.000000000000000  -0.013074371880239  -0.013074371880239   0.000000000000000
  4.504079377368195   7.504079377368195   1.000000000000000  -0.008158754736391  -0.008158754736391   0.000000000000000
  5.504155555828472   7.504155555828472   1.000000000000000  -0.008311111656944  -0.008311111656944   0.000000000000000
  6.498737281167193   7.498737281167193   1.000000000000000   0.002525437665615   0.002525437665615   0.000000000000000
  7.500047250556104   7.500047250556104   1.000000000000000  -0.000094501112208  -0.000094501112208   0.000000000000000
  8.504149379841744   7.504149379841744   1.000000000000000  -0.008298759683488  -0.008298759683488   0.000000000000000
  9.503983802882155   7.503983802882155   1.000000000000000  -0.007967605764310  -0.007967605764310   0.000000000000000
 10.497315706931230   7.497315706931230   1.000000000000000   0.005368586137539   0.005368586137539   0.000000000000000
  1.496473287246475   8.496473287246475   1.000000000000000   0.007053425507051   0.007053425507051   0.000000000000000
  2.497101401877820   8.497101401877821   1.000000000000000   0.005797196244360   0.005797196244360   0.000000000000000
  3.499646980258579   8.499646980258579   1.000000000000000   0.000706039482842   0.000706039482842   0.000000000000000
  4.505941115265336   8.505941115265335   1.000000000000000  -0.011882230530672  -0.011882230530672   0.000000000000000
  5.503836297348921   8.503836297348922   1.000000000000000  -0.007672594697843  -0.007672594697843   0.000000000000000
  6.500515076302921   8.500515076302921   1.000000000000000  -0.001030152605842  -0.001030152605842   0.000000000000000
  7.498510616576641   8.498510616576640   1.000000000000000   0.002978766846719   0.002978766846719   0.000000000000000
  8.500074141020265   8.500074141020265   1.000000000000000  -0.000148282040532  -0.000148282040532   0.000000000000000
  9.506949940339933   8.506949940339933   1.000000000000000  -0.013899880679866  -0.013899880679866   0.000000000000000
 10.501911404396152   8.501911404396152   1.000000000000000  -0.003822808792305  -0.003822808792305   0.000000000000000
  1.503607976866532   9.503607976866531   1.000000000000000  -0.007215953733064  -0.007215953733064   0.000000000000000
  2.505619388346477   9.505619388346478   1.000000000000000  -0.011238776692955  -0.011238776692955   0.000000000000000
  3.499731008580906   9.499731008580905   1.000000000000000   0.000537982838188   0.000537982838188   0.000000000000000
  4.501017749092194   9.501017749092194   1.000000000000000  -0.002035498184388  -0.002035498184388   0.000000000000000
  5.507481539732154   9.507481539732154   1.000000000000000  -0.014963079464308  -0.014963079464308   0.000000000000000
  6.508983037907864   9.508983037907864   1.000000000000000  -0.017966075815729  -0.017966075815729   0.000000000000000
  7.504608645878771   9.504608645878770   1.000000000000000  -0.009217291757541  -0.009217291757541   0.000000000000000
  8.500493858559659   9.500493858559659   1.000000000000000  -0.000987717119318  -0.000987717119318   0.000000000000000
  9.504595147708537   9.504595147708537   1.000000000000000  -0.009190295417074  -0.009190295417074   0.000000000000000
 10.504239562828847   9.504239562828847   1.000000000000000  -0.008479125657693  -0.008479125657693   0.000000000000000
  1.502602489734629  10.502602489734629   1.000000000000000  -0.005204979469257  -0.005204979469257   0.000000000000000
  2.502940743851409  10.502940743851408   1.000000000000000  -0.005881487702817  -0.005881487702817   0.000000000000000
  3.496229268484600  10.496229268484599   1.000000000000000   0.007541463030800   0.007541463030800   0.000000000000000
  4.497511142837834  10.497511142837833   1.000000000000000   0.004977714324332   0.004977714324332   0.000000000000000
  5.500656150031770  10.500656150031769   1.000000000000000  -0.001312300063540  -0.001312300063540   0.000000000000000
  6.504612723289731  10.504612723289732   1.000000000000000  -0.009225446579462  -0.009225446579462   0.000000000000000
  7.506135097917459  10.506135097917459   1.000000000000000  -0.012270195834919  -0.012270195834919   0.000000000000000
  8.499375045800059  10.499375045800059   1.000000000000000   0.001249908399882   0.001249908399882   0.000000000000000
  9.499127550117105  10.499127550117105   1.000000000000000   0.001744899765791   0.001744899765791   0.000000000000000
 10.500085854439707  10.500085854439707   1.000000000000000  -0.000171708879414  -0.000171708879414   0.000000000000000
  1.502131884374727   1.497868115625273   1.000000000000000  -0.004263768749453   0.004263768749453   0.000000000000000
  2.502646168417964   1.497353831582036   1.000000000000000  -0.005292336835929   0.005292336835929   0.000000000000000
  3.496023315176136   1.503976684823864   1.000000000000000   0.007953369647729  -0.007953369647729   0.000000000000000
  4.497372270061956   1.502627729938044   1.000000000000000   0.005255459876088  -0.005255459876088   0.000000000000000
  5.500461494388145   1.499538505611855   1.000000000000000  -0.000922988776291   0.000922988776291   0.000000000000000
  6.504098211114667   1.495901788885333   1.000000000000000  -0.008196422229334   0.008196422229334   0.000000000000000
  7.505834086197561   1.494165913802439   1.000000000000000  -0.011668172395123   0.011668172395123   0.000000000000000
  8.499312829767153   1.500687170232848   1.000000000000000   0.001374340465697  -0.001374340465697   0.000000000000000
  9.499088676186160   1.500911323813840   1.000000000000000   0.001822647627679  -0.001822647627679   0.000000000000000
 10.500193468963911   1.499806531036089   1.000000000000000  -0.000386937927823   0.000386937927823   0.000000000000000
  1.503032261094899   2.496967738905100   1.000000000000000  -0.006064522189799   0.006064522189799   0.000000000000000
  2.505405876743357   2.494594123256643   1.000000000000000  -0.010811753486713   0.010811753486713   0.000000000000000
  3.499726206660140   2.500273793339860   1.000000000000000   0.000547586679721  -0.000547586679721   0.000000000000000
  4.501007100895499   2.498992899104501   1.000000000000000  -0.002014201790997   0.002014201790997   0.000000000000000
  5.507125824354755   2.492874175645245   1.000000000000000  -0.014251648709510   0.014251648709510   0.000000000000000
  6.508589323679816   2.491410676320184   1.000000000000000  -0.017178647359631   0.017178647359631   0.000000000000000
  7.504592514668779   2.495407485331221   1.000000000000000  -0.009185029337559   0.009185029337559   0.000000000000000
  8.500500730030067   2.499499269969932   1.000000000000000  -0.001001460060136   0.001001460060136   0.000000000000000
  9.495412928059027   2.504587071940972   1.000000000000000   0.009174143881945  -0.009174143881945   0.000000000000000
 10.504300169641480   2.495699830358520   1.000000000000000  -0.008600339282960   0.008600339282960   0.000000000000000
  1.496196741724932   3.503803258275068   1.000000000000000   0.007606516550136  -0.007606516550136   0.000000000000000
  2.497089032857389   3.502910967142611   1.000000000000000   0.005821934285222  -0.005821934285222   0.000000000000000
  3.499618180687019   3.500381819312981   1.000000000000000   0.000763638625963  -0.000763638625963   0.000000000000000
  4.505722904365490   3.494277095634510   1.000000000000000  -0.011445808730980   0.011445808730980   0.000000000000000
  5.503623044638521   3.496376955361479   1.000000000000000  -0.007246089277043   0.007246089277043   0.000000000000000
  6.500438503923759   3.499561496076241   1.000000000000000  -0.000877007847518   0.000877007847518   0.000000000000000
  7.498487096047161   3.501512903952839   1.000000000000000   0.003025807905678  -0.003025807905678   0.000000000000000
  8.500118474772558   3.499881525227442   1.000000000000000  -0.000236949545115   0.000236949545115   0.000000000000000
  9.506924953949737   3.493075046050263   1.000000000000000  -0.013849907899474   0.013849907899474   0.000000000000000
 10.502056625320833   3.497943374679167   1.000000000000000  -0.004113250641665   0.004113250641665   0.000000000000000
  1.496627379849513   4.503372620150487   1.000000000000000   0.006745240300975  -0.006745240300975   0.000000000000000
  2.501456947772590   4.498543052227410   1.000000000000000  -0.002913895545180   0.002913895545180   0.000000000000000
  3.506237905136806   4.493762094863194   1.000000000000000  -0.012475810273612   0.012475810273612   0.000000000000000
  4.503959343904935   4.496040656095065   1.000000000000000  -0.007918687809869   0.007918687809869   0.000000000000000
  5.504052479338040   4.495947520661960   1.000000000000000  -0.008104958676080   0.008104958676080   0.000000000000000
  6.498689883415737   4.501310116584263   1.000000000000000   0.002620233168527  -0.002620233168527   0.000000000000000
  7.499997847319143   4.500002152680857   1.000000000000000   0.000004305361714  -0.000004305361714   0.000000000000000
  8.499654781438513   4.500345218561486   1.000000000000000   0.000690437122972  -0.000690437122972   0.000000000000000
  9.499668048166958   4.500331951833042   1.000000000000000   0.000663903666083  -0.000663903666083   0.000000000000000
 10.500215325855448   4.499784674144552   1.000000000000000  -0.000430651710896   0.000430651710896   0.000000000000000
  1.499966444541110   5.500033555458891   1.000000000000000   0.000067110917781  -0.000067110917781   0.000000000000000
  2.499552495466020   5.500447504533980   1.000000000000000   0.000895009067960  -0.000895009067960   0.000000000000000
  3.499683006503057   5.500316993496943   1.000000000000000   0.000633986993886  -0.000633986993886   0.000000000000000
  4.499654484456145   5.500345515543855   1.000000000000000   0.000691031087710  -0.000691031087710   0.000000000000000
  5.500238433174535   5.499761566825465   1.000000000000000  -0.000476866349070   0.000476866349070   0.000000000000000
  6.500046685622261   5.499953314377739   1.000000000000000  -0.000093371244521   0.000093371244521   0.000000000000000
  7.499737717163577   5.500262282836423   1.000000000000000   0.000524565672845  -0.000524565672845   0.000000000000000
  8.500073913440669   5.499926086559330   1.000000000000000  -0.000147826881340   0.000147826881340   0.000000000000000
  9.500223321634950   5.499776678365050   1.000000000000000  -0.000446643269900   0.000446643269900   0.000000000000000
 10.500153493334389   5.499846506665611   1.000000000000000  -0.000306986668778   0.000306986668778   0.000000000000000
  1.499715310553597   6.500284689446403   1.000000000000000   0.000569378892805  -0.000569378892805   0.000000000000000
  2.499473679390143   6.500526320609857   1.000000000000000   0.001052641219713  -0.001052641219713   0.000000000000000
  3.499966138678234   6.500033861321766   1.000000000000000   0.000067722643532  -0.000067722643532   0.000000000000000
  4.500073271097565   6.499926728902435   1.000000000000000  -0.000146542195131   0.000146542195131   0.000000000000000
  5.499958012475699   6.500041987524301   1.000000000000000   0.000083975048602  -0.000083975048602   0.000000000000000
  6.499617717128868   6.500382282871132   1.000000000000000   0.000764565742264  -0.000764565742264   0.000000000000000
  7.500085091786272   6.499914908213728   1.000000000000000  -0.000170183572545   0.000170183572545   0.000000000000000
  8.500105064555486   6.499894935444513   1.000000000000000  -0.000210129110973   0.000210129110973   0.000000000000000
  9.500125663310261   6.499874336689739   1.000000000000000  -0.000251326620522   0.000251326620522   0.000000000000000
 10.500057567611460   6.499942432388540   1.000000000000000  -0.000115135222920   0.000115135222920   0.000000000000000
  1.499525439400076   7.500474560599924   1.000000000000000   0.000949121199848  -0.000949121199848   0.000000000000000
  2.499601136817709   7.500398863182291   1.000000000000000   0.000797726364581  -0.000797726364581   0.000000000000000
  3.500130528259858   7.499869471740142   1.000000000000000  -0.000261056519716   0.000261056519716   0.000000000000000
  4.500000143158994   7.499999856841006   1.000000000000000  -0.000000286317989   0.000000286317989   0.000000000000000
  5.499791720644980   7.500208279355020   1.000000000000000   0.000416558710040  -0.000416558710040   0.000000000000000
  6.500096153305899   7.499903846694101   1.000000000000000  -0.000192306611797   0.000192306611797   0.000000000000000
  7.500033770199324   7.499966229800676   1.000000000000000  -0.000067540398648   0.000067540398648   0.000000000000000
  8.500184305086931   7.499815694913068   1.000000000000000  -0.000368610173863   0.000368610173863   0.000000000000000
  9.499467365150286   7.500532634849715   1.000000000000000   0.001065269699429  -0.001065269699429   0.000000000000000
 10.499474183856973   7.500525816143027   1.000000000000000   0.001051632286054  -0.001051632286054   0.000000000000000
  1.500062965317416   8.499937034682583   1.000000000000000  -0.000125930634832   0.000125930634832   0.000000000000000
  2.500150618719379   8.499849381280621   1.000000000000000  -0.000301237438758   0.000301237438758   0.000000000000000
  3.500000506567812   8.499999493432188   1.000000000000000  -0.000001013135624   0.000001013135624   0.000000000000000
  4.499665874063175   8.500334125936826   1.000000000000000   0.000668251873650  -0.000668251873650   0.000000000000000
  5.500072213063268   8.499927786936732   1.000000000000000  -0.000144426126535   0.000144426126535   0.000000000000000
  6.500116928888586   8.499883071111414   1.000000000000000  -0.000233857777171   0.000233857777171   0.000000000000000
  7.500195560588073   8.499804439411927   1.000000000000000  -0.000391121176145   0.000391121176145   0.000000000000000
  8.499833273732548   8.500166726267452   1.000000000000000   0.000333452534905  -0.000333452534905   0.000000000000000
  9.499318278186568   8.500681721813432   1.000000000000000   0.001363443626864  -0.001363443626864   0.000000000000000
 10.499769859111257   8.500230140888743   1.000000000000000   0.000460281777486  -0.000460281777486   0.000000000000000
  1.500047402635951   9.499952597364048   1.000000000000000  -0.000094805271903   0.000094805271903   0.000000000000000
  2.499613143637331   9.500386856362670   1.000000000000000   0.000773712725339  -0.000773712725339   0.000000000000000
  3.499217377712164   9.500782622287835   1.000000000000000   0.001565244575671  -0.001565244575671   0.000000000000000
  4.499737005967851   9.500262994032150   1.000000000000000   0.000525988064299  -0.000525988064299   0.000000000000000
  5.500074192447223   9.499925807552778   1.000000000000000  -0.000148384894446   0.000148384894446   0.000000000000000
  6.499983935743294   9.500016064256705   1.000000000000000   0.000032128513412  -0.000032128513412   0.000000000000000
  7.499532984652761   9.500467015347239   1.000000000000000   0.000934030694478  -0.000934030694478   0.000000000000000
  8.499068407106559   9.500931592893441   1.000000000000000   0.001863185786880  -0.001863185786880   0.000000000000000
  9.499942954731456   9.500057045268544   1.000000000000000   0.000114090537089  -0.000114090537089   0.000000000000000
 10.500046840565044   9.499953159434956   1.000000000000000  -0.000093681130089   0.000093681130089   0.000000000000000
  1.499995013763681  10.500004986236318   1.000000000000000   0.000009972472637  -0.000009972472637   0.000000000000000
  2.499712321131231  10.500287678868769   1.000000000000000   0.000575357737537  -0.000575357737537   0.000000000000000
  3.499838235620542  10.500161764379458   1.000000000000000   0.000323528758917  -0.000323528758917   0.000000000000000
  4.500200299893522  10.499799700106477   1.000000000000000  -0.000400599787044   0.000400599787044   0.000000000000000
  5.500109570711164  10.499890429288836   1.000000000000000  -0.000219141422328   0.000219141422328   0.000000000000000
  6.500053650377040  10.499946349622959   1.000000000000000  -0.000107300754079   0.000107300754079   0.000000000000000
  7.499461851494829  10.500538148505171   1.000000000000000   0.001076297010343  -0.001076297010343   0.000000000000000
  8.499802809632229  10.500197190367771   1.000000000000000   0.000394380735542  -0.000394380735542   0.000000000000000
  9.500070529012383  10.499929470987617   1.000000000000000  -0.000141058024767   0.000141058024767   0.000000000000000
 10.500116167276721  10.499883832723279   1.000000000000000  -0.000232334553443   0.000232334553443   0.000000000000000
  1.000000000000000   1.000000000000000   1.500000169723869   0.000000000000000   0.000000000000000  -0.000000339447737
  2.000000000000000   1.000000000000000   1.500000250953309   0.000000000000000   0.000000000000000  -0.000000501906617
  3.000000000000000   1.000000000000000   1.500000763526039   0.000000000000000   0.000000000000000  -0.000001527052078
  4.000000000000000   1.000000000000000   1.499999798206828   0.000000000000000   0.000000000000000   0.000000403586343
  5.000000000000000   1.000000000000000   1.499998019275511   0.000000000000000   0.000000000000000   0.000003961448979
  6.000000000000000   1.000000000000000   1.499997829807851   0.000000000000000   0.000000000000000   0.000004340384298
  7.000000000000000   1.000000000000000   1.499997802596441   0.000000000000000   0.000000000000000   0.000004394807118
  8.000000000000000   1.000000000000000   1.499999448668931   0.000000000000000   0.000000000000000   0.000001102662138
  9.000000000000000   1.000000000000000   1.500000365887691   0.000000000000000   0.000000000000000  -0.000000731775382
 10.000000000000000   1.000000000000000   1.499999740706877   0.000000000000000   0.000000000000000   0.000000518586245
 11.000000000000000   1.000000000000000   1.499999574520704   0.000000000000000   0.000000000000000   0.000000850958593
  1.000000000000000   2.000000000000000   1.500000032350703   0.000000000000000   0.000000000000000  -0.000000064701406
  2.000000000000000   2.000000000000000   1.500000180029617   0.000000000000000   0.000000000000000  -0.000000360059233
  3.000000000000000   2.000000000000000   1.500001978177050   0.000000000000000   0.000000000000000  -0.000003956354100
  4.000000000000000   2.000000000000000   1.500000279511378   0.000000000000000   0.000000000000000  -0.000000559022756
  5.000000000000000   2.000000000000000   1.499996911987008   0.000000000000000   0.000000000000000   0.000006176025984
  6.000000000000000   2.000000000000000   1.499997166119603   0.000000000000000   0.000000000000000   0.000005667760794
  7.000000000000000   2.000000000000000   1.499996838692950   0.000000000000000   0.000000000000000   0.000006322614100
  8.000000000000000   2.000000000000000   1.499999869197448   0.000000000000000   0.000000000000000   0.000000261605104
  9.000000000000000   2.000000000000000   1.500001710933065   0.000000000000000   0.000000000000000  -0.000003421866129
 10.000000000000000   2.000000000000000   1.499999552430297   0.000000000000000   0.000000000000000   0.000000895139406
 11.000000000000000   2.000000000000000   1.499999491047157   0.000000000000000   0.000000000000000   0.000001017905687
  1.000000000000000   3.000000000000000   1.499999561242675   0.000000000000000   0.000000000000000   0.000000877514650
  2.000000000000000   3.000000000000000   1.499998363197366   0.000000000000000   0.000000000000000   0.000003273605267
  4.000000000000000   3.000000000000000   1.500003840250004   0.000000000000000   0.000000000000000  -0.000007680500007
  6.000000000000000   3.000000000000000   1.499994966731983   0.000000000000000   0.000000000000000   0.000010066536034
  8.000000000000000   3.000000000000000   1.500003284255105   0.000000000000000   0.000000000000000  -0.000006568510210
 10.000000000000000   3.000000000000000   1.499997475983452   0.000000000000000   0.000000000000000   0.000005048033096
 11.000000000000000   3.000000000000000   1.499998897360243   0.000000000000000   0.000000000000000   0.000002205279514
  1.000000000000000   4.000000000000000   1.500000535657853   0.000000000000000   0.000000000000000  -0.000001071315705
  2.000000000000000   4.000000000000000   1.500000141657304   0.000000000000000   0.000000000000000  -0.000000283314608
  3.000000000000000   4.000000000000000   1.499996395027649   0.000000000000000   0.000000000000000   0.000007209944702
  4.000000000000000   4.000000000000000   1.500000050330353   0.000000000000000   0.000000000000000  -0.000000100660706
  5.000000000000000   4.000000000000000   1.499998555614384   0.000000000000000   0.000000000000000   0.000002888771232
  6.000000000000000   4.000000000000000   1.499996959943163   0.000000000000000   0.000000000000000   0.000006080113674
  7.000000000000000   4.000000000000000   1.499998422329808   0.000000000000000   0.000000000000000   0.000003155340385
  8.000000000000000   4.000000000000000   1.499999823693208   0.000000000000000   0.000000000000000   0.000000352613584
  9.000000000000000   4.000000000000000   1.499996228693828   0.000000000000000   0.000000000000000   0.000007542612345
 10.000000000000000   4.000000000000000   1.499999329793137   0.000000000000000   0.000000000000000   0.000001340413725
 11.000000000000000   4.000000000000000   1.499999884402829   0.000000000000000   0.000000000000000   0.000000231194342
  1.000000000000000   5.000000000000000   1.500002337128069   0.000000000000000   0.000000000000000  -0.000004674256139
  2.000000000000000   5.000000000000000   1.500003446663801   0.000000000000000   0.000000000000000  -0.000006893327603
  4.000000000000000   5.000000000000000   1.500001429524610   0.000000000000000   0.000000000000000  -0.000002859049220
  6.000000000000000   5.000000000000000   1.499994685024922   0.000000000000000   0.000000000000000   0.000010629950155
  8.000000000000000   5.000000000000000   1.500001252717235   0.000000000000000   0.000000000000000  -0.000002505434470
 10.000000000000000   5.000000000000000   1.500002679228211   0.000000000000000   0.000000000000000  -0.000005358456422
 11.000000000000000   5.000000000000000   1.500001667959386   0.000000000000000   0.000000000000000  -0.000003335918772
  1.000000000000000   6.000000000000000   1.500002460312952   0.000000000000000   0.000000000000000  -0.000004920625904
  2.000000000000000   6.000000000000000   1.500003032366065   0.000000000000000   0.000000000000000  -0.000006064732130
  3.000000000000000   6.000000000000000   1.500004952911171   0.000000000000000   0.000000000000000  -0.000009905822343
  4.000000000000000   6.000000000000000   1.500003034637718   0.000000000000000   0.000000000000000  -0.000006069275437
  5.000000000000000   6.000000000000000   1.500005350196761   0.000000000000000   0.000000000000000  -0.000010700393522
  6.000000000000000   6.000000000000000   1.500000042631374   0.000000000000000   0.000000000000000  -0.000000085262748
  7.000000000000000   6.000000000000000   1.500004993492912   0.000000000000000   0.000000000000000  -0.000009986985825
  8.000000000000000   6.000000000000000   1.500002786618778   0.000000000000000   0.000000000000000  -0.000005573237556
  9.000000000000000   6.000000000000000   1.500004819859546   0.000000000000000   0.000000000000000  -0.000009639719093
 10.000000000000000   6.000000000000000   1.500002506195536   0.000000000000000   0.000000000000000  -0.000005012391071
 11.000000000000000   6.000000000000000   1.500001744951377   0.000000000000000   0.000000000000000  -0.000003489902753
  1.000000000000000   7.000000000000000   1.500002461120689   0.000000000000000   0.000000000000000  -0.000004922241379
  2.000000000000000   7.000000000000000   1.500003538515311   0.000000000000000   0.000000000000000  -0.000007077030622
  4.000000000000000   7.000000000000000   1.500001501919165   0.000000000000000   0.000000000000000  -0.000003003838330
  6.000000000000000   7.000000000000000   1.499994700435933   0.000000000000000   0.000000000000000   0.000010599128133
  8.000000000000000   7.000000000000000   1.500001222989857   0.000000000000000   0.000000000000000  -0.000002445979715
 10.000000000000000   7.000000000000000   1.500002606277225   0.000000000000000   0.000000000000000  -0.000005212554449
 11.000000000000000   7.000000000000000   1.500001584388616   0.000000000000000   0.000000000000000  -0.000003168777233
  1.000000000000000   8.000000000000000   1.500000800489296   0.000000000000000   0.000000000000000  -0.000001600978592
  2.000000000000000   8.000000000000000   1.500000411652632   0.000000000000000   0.000000000000000  -0.000000823305264
  3.000000000000000   8.000000000000000   1.499996578729852   0.000000000000000   0.000000000000000   0.000006842540296
  4.000000000000000   8.000000000000000   1.500000164685148   0.000000000000000   0.000000000000000  -0.000000329370295
  5.000000000000000   8.000000000000000   1.499998668690253   0.000000000000000   0.000000000000000   0.000002662619495
  6.000000000000000   8.000000000000000   1.499997039842394   0.000000000000000   0.000000000000000   0.000005920315212
  7.000000000000000   8.000000000000000   1.499998514216590   0.000000000000000   0.000000000000000   0.000002971566820
  8.000000000000000   8.000000000000000   1.499999879106872   0.000000000000000   0.000000000000000   0.000000241786256
  9.000000000000000   8.000000000000000   1.499996304949192   0.000000000000000   0.000000000000000   0.000007390101616
 10.000000000000000   8.000000000000000   1.499999353030434   0.000000000000000   0.000000000000000   0.000001293939132
 11.000000000000000   8.000000000000000   1.499999850732318   0.000000000000000   0.000000000000000   0.000000298535364
  1.000000000000000   9.000000000000000   1.499999843419894   0.000000000000000   0.000000000000000   0.000000313160213
  2.000000000000000   9.000000000000000   1.499998620117640   0.000000000000000   0.000000000000000   0.000002759764719
  4.000000000000000   9.000000000000000   1.500003988913150   0.000000000000000   0.000000000000000  -0.000007977826300
  6.000000000000000   9.000000000000000   1.499995115157339   0.000000000000000   0.000000000000000   0.000009769685323
  8.000000000000000   9.000000000000000   1.500003377358933   0.000000000000000   0.000000000000000  -0.000006754717867
 10.000000000000000   9.000000000000000   1.499997590977428   0.000000000000000   0.000000000000000   0.000004818045144
 11.000000000000000   9.000000000000000   1.499998989312975   0.000000000000000   0.000000000000000   0.000002021374050
  1.000000000000000  10.000000000000000   1.500000340479426   0.000000000000000   0.000000000000000  -0.000000680958852
  2.000000000000000  10.000000000000000   1.500000541187143   0.000000000000000   0.000000000000000  -0.000001082374287
  3.000000000000000  10.000000000000000   1.500002287044537   0.000000000000000   0.000000000000000  -0.000004574089073
  4.000000000000000  10.000000000000000   1.500000526680352   0.000000000000000   0.000000000000000  -0.000001053360703
  5.000000000000000  10.000000000000000   1.499997117327942   0.000000000000000   0.000000000000000   0.000005765344115
  6.000000000000000  10.000000000000000   1.499997393678203   0.000000000000000   0.000000000000000   0.000005212643593
  7.000000000000000  10.000000000000000   1.499997120106893   0.000000000000000   0.000000000000000   0.000005759786214
  8.000000000000000  10.000000000000000   1.500000143970585   0.000000000000000   0.000000000000000  -0.000000287941171
  9.000000000000000  10.000000000000000   1.500001883400878   0.000000000000000   0.000000000000000  -0.000003766801756
 10.000000000000000  10.000000000000000   1.499999776092933   0.000000000000000   0.000000000000000   0.000000447814133
 11.000000000000000  10.000000000000000   1.499999656435189   0.000000000000000   0.000000000000000   0.000000687129621
  1.000000000000000  11.000000000000000   1.500000556023348   0.000000000000000   0.000000000000000  -0.000001112046697
  2.000000000000000  11.000000000000000   1.500000575437877   0.000000000000000   0.000000000000000  -0.000001150875754
  3.000000000000000  11.000000000000000   1.500001104993525   0.000000000000000   0.000000000000000  -0.000002209987050
  4.000000000000000  11.000000000000000   1.500000037968224   0.000000000000000   0.000000000000000  -0.000000075936449
  5.000000000000000  11.000000000000000   1.499998269370561   0.000000000000000   0.000000000000000   0.000003461258879
  6.000000000000000  11.000000000000000   1.499998080691558   0.000000000000000   0.000000000000000   0.000003838616884
  7.000000000000000  11.000000000000000   1.499998129792502   0.000000000000000   0.000000000000000   0.000003740414996
  8.000000000000000  11.000000000000000   1.499999735753807   0.000000000000000   0.000000000000000   0.000000528492385
  9.000000000000000  11.000000000000000   1.500000575910358   0.000000000000000   0.000000000000000  -0.000001151820715
 10.000000000000000  11.000000000000000   1.499999946958470   0.000000000000000   0.000000000000000   0.000000106083060
 11.000000000000000  11.000000000000000   1.499999781924967   0.000000000000000   0.000000000000000   0.000000436150065
